year     Ap    
2008.01 7.45130410916 
2008.023 7.423166083 
2008.036 7.39526539308 
2008.049 7.36760136489 
2008.062 7.34017332425 
2008.075 7.31298059723 
2008.088 7.28602251022 
2008.101 7.25929838989 
2008.114 7.2328075632 
2008.127 7.20654935742 
2008.14 7.18052310009 
2008.153 7.15472811906 
2008.166 7.12916374247 
2008.179 7.10382929873 
2008.192 7.07872411658 
2008.205 7.05384752503 
2008.218 7.02919885337 
2008.231 7.00477743122 
2008.244 6.98058258845 
2008.257 6.95661365525 
2008.27 6.9328699621 
2008.283 6.90935083977 
2008.296 6.88605561931 
2008.309 6.86298363207 
2008.322 6.8401342097 
2008.335 6.81750668415 
2008.348 6.79510038763 
2008.361 6.77291465267 
2008.374 6.75094881208 
2008.387 6.72920219897 
2008.4 6.70767414675 
2008.413 6.6863639891 
2008.426 6.66527106 
2008.439 6.64439469374 
2008.452 6.62373422488 
2008.465 6.60328898828 
2008.478 6.5830583191 
2008.491 6.56304155279 
2008.504 6.54323802507 
2008.517 6.52364707199 
2008.53 6.50426802987 
2008.543 6.48510023533 
2008.556 6.46614302526 
2008.569 6.44739573688 
2008.582 6.42885770768 
2008.595 6.41052827543 
2008.608 6.39240677823 
2008.621 6.37449255444 
2008.634 6.35678494273 
2008.647 6.33928328204 
2008.66 6.32198691163 
2008.673 6.30489517104 
2008.686 6.2880074001 
2008.699 6.27132293894 
2008.712 6.25484112797 
2008.725 6.23856130791 
2008.738 6.22248281975 
2008.751 6.2066050048 
2008.764 6.19092720463 
2008.777 6.17544876114 
2008.79 6.16016901648 
2008.803 6.14508731313 
2008.816 6.13020299384 
2008.829 6.11551540167 
2008.842 6.10102387995 
2008.855 6.08672777232 
2008.868 6.07262642271 
2008.881 6.05871917533 
2008.894 6.04500537469 
2008.907 6.03148436561 
2008.92 6.01815549318 
2008.933 6.00501810278 
2008.946 5.9920715401 
2008.959 5.97931515111 
2008.972 5.96674828208 
2008.985 5.95437027957 
2008.998 5.94218049043 
2009.011 5.9301782618 
2009.024 5.91836294111 
2009.037 5.9067338761 
2009.05 5.89529041479 
2009.063 5.88403190549 
2009.076 5.8729576968 
2009.089 5.86206713763 
2009.102 5.85135957716 
2009.115 5.84083436489 
2009.128 5.83049085057 
2009.141 5.82032838428 
2009.154 5.81034631639 
2009.167 5.80054399754 
2009.18 5.79092077868 
2009.193 5.78147601105 
2009.206 5.77220904617 
2009.219 5.76311923588 
2009.232 5.75420593228 
2009.245 5.74546848778 
2009.258 5.73690625508 
2009.271 5.72851858717 
2009.284 5.72030483735 
2009.297 5.71226435917 
2009.31 5.70439650653 
2009.323 5.69670063357 
2009.336 5.68917609475 
2009.349 5.68182224482 
2009.362 5.67463843881 
2009.375 5.66762403207 
2009.388 5.6607783802 
2009.401 5.65410083914 
2009.414 5.64759076508 
2009.427 5.64124751454 
2009.44 5.6350704443 
2009.453 5.62905891144 
2009.466 5.62321227336 
2009.479 5.61752988771 
2009.492 5.61201111247 
2009.505 5.60665530588 
2009.518 5.60146182651 
2009.531 5.59643003318 
2009.544 5.59155928503 
2009.557 5.58684894149 
2009.57 5.58229836227 
2009.583 5.57790690739 
2009.596 5.57367393714 
2009.609 5.56959881213 
2009.622 5.56568089324 
2009.635 5.56191954166 
2009.648 5.55831411884 
2009.661 5.55486398657 
2009.674 5.55156850689 
2009.687 5.54842704216 
2009.7 5.54543895502 
2009.713 5.54260360841 
2009.726 5.53992036554 
2009.739 5.53738858995 
2009.752 5.53500764544 
2009.765 5.53277689612 
2009.778 5.53069570638 
2009.791 5.52876344091 
2009.804 5.52697946471 
2009.817 5.52534314303 
2009.83 5.52385384145 
2009.843 5.52251092582 
2009.856 5.52131376231 
2009.869 5.52026171734 
2009.882 5.51935415766 
2009.895 5.5185904503 
2009.908 5.51796996258 
2009.921 5.51749206211 
2009.934 5.51715611679 
2009.947 5.51696149484 
2009.96 5.51690756473 
2009.973 5.51699369525 
2009.986 5.51721925548 
2009.999 5.51758361478 
2010.012 5.51808614282 
2010.025 5.51872620955 
2010.038 5.51950318521 
2010.051 5.52041644035 
2010.064 5.52146534578 
2010.077 5.52264927265 
2010.09 5.52396759235 
2010.103 5.52541967661 
2010.116 5.52700489741 
2010.129 5.52872262705 
2010.142 5.53057223813 
2010.155 5.5325531035 
2010.168 5.53466459635 
2010.181 5.53690609014 
2010.194 5.53927695861 
2010.207 5.54177657583 
2010.22 5.54440431612 
2010.233 5.54715955412 
2010.246 5.55004166476 
2010.259 5.55305002325 
2010.272 5.5561840051 
2010.285 5.55944298611 
2010.298 5.56282634237 
2010.311 5.56633345028 
2010.324 5.56996368652 
2010.337 5.57371642804 
2010.35 5.57759105213 
2010.363 5.58158693632 
2010.376 5.58570345848 
2010.389 5.58993999675 
2010.402 5.59429592955 
2010.415 5.59877063561 
2010.428 5.60336349396 
2010.441 5.6080738839 
2010.454 5.61290118504 
2010.467 5.61784477727 
2010.48 5.62290404077 
2010.493 5.62807835604 
2010.506 5.63336710385 
2010.519 5.63876966525 
2010.532 5.64428542161 
2010.545 5.64991375458 
2010.558 5.6556540461 
2010.571 5.6615056784 
2010.584 5.66746803402 
2010.597 5.67354049577 
2010.61 5.67972244677 
2010.623 5.68601327042 
2010.636 5.69241235041 
2010.649 5.69891907075 
2010.662 5.7055328157 
2010.675 5.71225296985 
2010.688 5.71907891807 
2010.701 5.7260100455 
2010.714 5.73304573761 
2010.727 5.74018538014 
2010.74 5.74742835912 
2010.753 5.75477406088 
2010.766 5.76222187205 
2010.779 5.76977117954 
2010.792 5.77742137056 
2010.805 5.7851718326 
2010.818 5.79302195346 
2010.831 5.80097112122 
2010.844 5.80901872426 
2010.857 5.81716415124 
2010.87 5.82540679113 
2010.883 5.83374603318 
2010.896 5.84218126694 
2010.909 5.85071188224 
2010.922 5.85933726921 
2010.935 5.86805681829 
2010.948 5.87686992018 
2010.961 5.88577596589 
2010.974 5.89477434672 
2010.987 5.90386445428 
2011.0 5.91304568043 
2011.013 5.92231741736 
2011.026 5.93167905754 
2011.039 5.94112999374 
2011.052 5.950669619 
2011.065 5.96029732668 
2011.078 5.97001251041 
2011.091 5.97981456413 
2011.104 5.98970288206 
2011.117 5.99967685872 
2011.13 6.00973588893 
2011.143 6.01987936777 
2011.156 6.03010669065 
2011.169 6.04041725325 
2011.182 6.05081045156 
2011.195 6.06128568184 
2011.208 6.07184234066 
2011.221 6.08247982487 
2011.234 6.09319753163 
2011.247 6.10399485838 
2011.26 6.11487120284 
2011.273 6.12582596306 
2011.286 6.13685853734 
2011.299 6.14796832429 
2011.312 6.15915472283 
2011.325 6.17041713215 
2011.338 6.18175495173 
2011.351 6.19316758135 
2011.364 6.2046544211 
2011.377 6.21621487133 
2011.39 6.22784833271 
2011.403 6.23955420619 
2011.416 6.251331893 
2011.429 6.26318079468 
2011.442 6.27510031307 
2011.455 6.28708985028 
2011.468 6.29914880873 
2011.481 6.31127659111 
2011.494 6.32347260044 
2011.507 6.33573623999 
2011.52 6.34806691336 
2011.533 6.36046402441 
2011.546 6.37292697732 
2011.559 6.38545517654 
2011.572 6.39804802682 
2011.585 6.41070493322 
2011.598 6.42342530107 
2011.611 6.43620853599 
2011.624 6.44905404391 
2011.637 6.46196123105 
2011.65 6.47492950391 
2011.663 6.48795826929 
2011.676 6.50104693429 
2011.689 6.51419490628 
2011.702 6.52740159294 
2011.715 6.54066640225 
2011.728 6.55398874246 
2011.741 6.56736802213 
2011.754 6.5808036501 
2011.767 6.59429503552 
2011.78 6.60784158781 
2011.793 6.6214427167 
2011.806 6.63509783221 
2011.819 6.64880634464 
2011.832 6.66256766459 
2011.845 6.67638120296 
2011.858 6.69024637093 
2011.871 6.70416257998 
2011.884 6.71812924189 
2011.897 6.73214576871 
2011.91 6.7462115728 
2011.923 6.76032606681 
2011.936 6.77448866368 
2011.949 6.78869877664 
2011.962 6.80295581922 
2011.975 6.81725920523 
2011.988 6.83160834879 
2012.001 6.8460026643 
2012.014 6.86044156645 
2012.027 6.87492447023 
2012.04 6.88945079092 
2012.053 6.90401994409 
2012.066 6.91863134561 
2012.079 6.93328441163 
2012.092 6.9479785586 
2012.105 6.96271320327 
2012.118 6.97748776268 
2012.131 6.99230165413 
2012.144 7.00715429527 
2012.157 7.02204510399 
2012.17 7.03697349851 
2012.183 7.05193889731 
2012.196 7.06694071919 
2012.209 7.08197838323 
2012.222 7.0970513088 
2012.235 7.11215891558 
2012.248 7.12730062351 
2012.261 7.14247585285 
2012.274 7.15768402414 
2012.287 7.17292455822 
2012.3 7.18819687622 
2012.313 7.20350039956 
2012.326 7.21883454995 
2012.339 7.23419874939 
2012.352 7.24959242019 
2012.365 7.26501498494 
2012.378 7.28046586652 
2012.391 7.2959444881 
2012.404 7.31145027315 
2012.417 7.32698264544 
2012.43 7.34254102901 
2012.443 7.35812484822 
2012.456 7.37373352769 
2012.469 7.38936649236 
2012.482 7.40502316745 
2012.495 7.42070297848 
2012.508 7.43640535125 
2012.521 7.45212971186 
2012.534 7.46787548671 
2012.547 7.48364210247 
2012.56 7.49942898614 
2012.573 7.51523556497 
2012.586 7.53106126653 
2012.599 7.54690551867 
2012.612 7.56276774954 
2012.625 7.57864738759 
2012.638 7.59454386153 
2012.651 7.61045660039 
2012.664 7.6263850335 
2012.677 7.64232859045 
2012.69 7.65828670116 
2012.703 7.67425879581 
2012.716 7.6902443049 
2012.729 7.70624265919 
2012.742 7.72225328976 
2012.755 7.73827562798 
2012.768 7.7543091055 
2012.781 7.77035315427 
2012.794 7.78640720653 
2012.807 7.80247069481 
2012.82 7.81854305194 
2012.833 7.83462371104 
2012.846 7.85071210551 
2012.859 7.86680766906 
2012.872 7.88290983569 
2012.885 7.89901803969 
2012.898 7.91513171562 
2012.911 7.93125029837 
2012.924 7.94737322311 
2012.937 7.96349992528 
2012.95 7.97962984064 
2012.963 7.99576240524 
2012.976 8.0118970554 
2012.989 8.02803322775 
2013.002 8.04417035922 
2013.015 8.06030788701 
2013.028 8.07644524863 
2013.041 8.09258188188 
2013.054 8.10871722485 
2013.067 8.12485071591 
2013.08 8.14098179374 
2013.093 8.15710989732 
2013.106 8.17323446589 
2013.119 8.18935493902 
2013.132 8.20547075653 
2013.145 8.22158135858 
2013.158 8.23768618559 
2013.171 8.25378467827 
2013.184 8.26987627765 
2013.197 8.28596042503 
2013.21 8.30203656201 
2013.223 8.31810413048 
2013.236 8.33416257263 
2013.249 8.35021133092 
2013.262 8.36624984813 
2013.275 8.38227756732 
2013.288 8.39829393184 
2013.301 8.41429838534 
2013.314 8.43029037175 
2013.327 8.44626933531 
2013.34 8.46223472053 
2013.353 8.47818597224 
2013.366 8.49412253554 
2013.379 8.51004385583 
2013.392 8.52594937881 
2013.405 8.54183855046 
2013.418 8.55771081705 
2013.431 8.57356562516 
2013.444 8.58940242165 
2013.457 8.60522065367 
2013.47 8.62101976868 
2013.483 8.6367992144 
2013.496 8.65255843888 
2013.509 8.66829689043 
2013.522 8.68401401768 
2013.535 8.69970926953 
2013.548 8.71538209519 
2013.561 8.73103194414 
2013.574 8.74665826618 
2013.587 8.76226051139 
2013.6 8.77783813013 
2013.613 8.79339057308 
2013.626 8.80891729118 
2013.639 8.82441773568 
2013.652 8.83989135814 
2013.665 8.85533761037 
2013.678 8.87075594451 
2013.691 8.88614581297 
2013.704 8.90150666847 
2013.717 8.91683796401 
2013.73 8.93213915289 
2013.743 8.94740968869 
2013.756 8.96264902529 
2013.769 8.97785661687 
2013.782 8.99303191789 
2013.795 9.00817438312 
2013.808 9.02328346759 
2013.821 9.03835862666 
2013.834 9.05339931595 
2013.847 9.06840499141 
2013.86 9.08337510924 
2013.873 9.09830912596 
2013.886 9.11320649837 
2013.899 9.12806668358 
2013.912 9.14288913896 
2013.925 9.15767332221 
2013.938 9.1724186913 
2013.951 9.1871247045 
2013.964 9.20179082036 
2013.977 9.21641649773 
2013.99 9.23100119577 
2014.003 9.24554437391 
2014.016 9.26004549187 
2014.029 9.27450400968 
2014.042 9.28891938766 
2014.055 9.30329108641 
2014.068 9.31761856682 
2014.081 9.3319012901 
2014.094 9.34613871772 
2014.107 9.36033031146 
2014.12 9.37447553339 
2014.133 9.38857384587 
2014.146 9.40262471155 
2014.159 9.41662759338 
2014.172 9.43058195461 
2014.185 9.44448725875 
2014.198 9.45834296963 
2014.211 9.47214855137 
2014.224 9.48590346838 
2014.237 9.49960718535 
2014.25 9.51325916729 
2014.263 9.52685887947 
2014.276 9.54040578747 
2014.289 9.55389935717 
2014.302 9.56733905472 
2014.315 9.58072434659 
2014.328 9.59405469951 
2014.341 9.60732958053 
2014.354 9.62054845699 
2014.367 9.6337107965 
2014.38 9.64681606698 
2014.393 9.65986373665 
2014.406 9.672853274 
2014.419 9.68578414783 
2014.432 9.69865582723 
2014.445 9.71146778158 
2014.458 9.72421948055 
2014.471 9.7369103941 
2014.484 9.74953999249 
2014.497 9.76210774626 
2014.51 9.77461312627 
2014.523 9.78705560364 
2014.536 9.79943464981 
2014.549 9.81174973648 
2014.562 9.82400033567 
2014.575 9.83618591969 
2014.588 9.84830596114 
2014.601 9.86035993289 
2014.614 9.87234730813 
2014.627 9.88426756033 
2014.64 9.89612016327 
2014.653 9.907904591 
2014.666 9.91962031786 
2014.679 9.93126681851 
2014.692 9.94284356788 
2014.705 9.95435004119 
2014.718 9.96578571397 
2014.731 9.97715006203 
2014.744 9.98844256147 
2014.757 9.9996626887 
2014.77 10.0108099204 
2014.783 10.0218837336 
2014.796 10.0328836054 
2014.809 10.0438090136 
2014.822 10.054659436 
2014.835 10.0654343506 
2014.848 10.076133236 
2014.861 10.0867555709 
2014.874 10.0973008344 
2014.887 10.1077685056 
2014.9 10.1181580644 
2014.913 10.1284689905 
2014.926 10.1387007641 
2014.939 10.1488528658 
2014.952 10.1589247764 
2014.965 10.1689159769 
2014.978 10.1788259487 
2014.991 10.1886541734 
2015.004 10.198400133 
2015.017 10.2080633098 
2015.03 10.2176431862 
2015.043 10.2271392452 
2015.056 10.2365509698 
2015.069 10.2458778435 
2015.082 10.2551193499 
2015.095 10.2642749731 
2015.108 10.2733441974 
2015.121 10.2823265073 
2015.134 10.2912213878 
2015.147 10.3000283239 
2015.16 10.3087468012 
2015.173 10.3173763055 
2015.186 10.3259163226 
2015.199 10.3343663391 
2015.212 10.3427258416 
2015.225 10.3509943169 
2015.238 10.3591712522 
2015.251 10.3672561352 
2015.264 10.3752484535 
2015.277 10.3831476954 
2015.29 10.3909533491 
2015.303 10.3986649034 
2015.316 10.4062818472 
2015.329 10.4138036697 
2015.342 10.4212298607 
2015.355 10.4285599098 
2015.368 10.4357933073 
2015.381 10.4429295435 
2015.394 10.4499681093 
2015.407 10.4569084956 
2015.42 10.4637501937 
2015.433 10.4704926952 
2015.446 10.4771354921 
2015.459 10.4836780765 
2015.472 10.4901199409 
2015.485 10.4964605781 
2015.498 10.5026994812 
2015.511 10.5088361434 
2015.524 10.5148700585 
2015.537 10.5208007204 
2015.55 10.5266276233 
2015.563 10.5323502618 
2015.576 10.5379681306 
2015.589 10.543480725 
2015.602 10.5488875403 
2015.615 10.5541880721 
2015.628 10.5593818166 
2015.641 10.5644682699 
2015.654 10.5694469287 
2015.667 10.5743172898 
2015.68 10.5790788504 
2015.693 10.5837311079 
2015.706 10.5882735601 
2015.719 10.592705705 
2015.732 10.597027041 
2015.745 10.6012370666 
2015.758 10.6053352808 
2015.771 10.6093211828 
2015.784 10.613194272 
2015.797 10.6169540484 
2015.81 10.6206000119 
2015.823 10.624131663 
2015.836 10.6275485022 
2015.849 10.6308500307 
2015.862 10.6340357496 
2015.875 10.6371051604 
2015.888 10.6400577651 
2015.901 10.6428930657 
2015.914 10.6456105647 
2015.927 10.6482097648 
2015.94 10.6506901689 
2015.953 10.6530512805 
2015.966 10.655292603 
2015.979 10.6574136405 
2015.992 10.659413897 
2016.005 10.661292877 
2016.018 10.6630500853 
2016.031 10.6646850269 
2016.044 10.6661972073 
2016.057 10.667586132 
2016.07 10.6688513069 
2016.083 10.6699922383 
2016.096 10.6710084328 
2016.109 10.6718993971 
2016.122 10.6726646383 
2016.135 10.6733036638 
2016.148 10.6738159814 
2016.161 10.6742010989 
2016.174 10.6744585247 
2016.187 10.6745877673 
2016.2 10.6745883356 
2016.213 10.6744597387 
2016.226 10.6742014862 
2016.239 10.6738130876 
2016.252 10.6732940531 
2016.265 10.6726438929 
2016.278 10.6718621177 
2016.291 10.6709482384 
2016.304 10.6699017661 
2016.317 10.6687222124 
2016.33 10.6674090891 
2016.343 10.6659619082 
2016.356 10.664380182 
2016.369 10.6626634233 
2016.382 10.660811145 
2016.395 10.6588228604 
2016.408 10.6566980829 
2016.421 10.6544363264 
2016.434 10.6520371051 
2016.447 10.6494999333 
2016.46 10.6468243257 
2016.473 10.6440097974 
2016.486 10.6410558636 
2016.499 10.63796204 
2016.512 10.6347278423 
2016.525 10.6313527868 
2016.538 10.6278363899 
2016.551 10.6241781684 
2016.564 10.6203776394 
2016.577 10.61643432 
2016.59 10.6123477281 
2016.603 10.6081173815 
2016.616 10.6037427985 
2016.629 10.5992234974 
2016.642 10.5945589972 
2016.655 10.589748817 
2016.668 10.584792476 
2016.681 10.5796894941 
2016.694 10.5744393911 
2016.707 10.5690416873 
2016.72 10.5634959033 
2016.733 10.55780156 
2016.746 10.5519581784 
2016.759 10.54596528 
2016.772 10.5398223865 
2016.785 10.53352902 
2016.798 10.5270847027 
2016.811 10.5204889573 
2016.824 10.5137413066 
2016.837 10.5068412739 
2016.85 10.4997883826 
2016.863 10.4925821564 
2016.876 10.4852221195 
2016.889 10.4777077962 
2016.902 10.4700387112 
2016.915 10.4622143893 
2016.928 10.4542343559 
2016.941 10.4460981364 
2016.954 10.4378052567 
2016.967 10.4293552429 
2016.98 10.4207476214 
2016.993 10.4119819188 
2017.006 10.4030576623 
2017.019 10.393974379 
2017.032 10.3847315965 
2017.045 10.3753288427 
2017.058 10.3657656457 
2017.071 10.356041534 
2017.084 10.3461560364 
2017.097 10.3361086819 
2017.11 10.3258989997 
2017.123 10.3155265196 
2017.136 10.3049907714 
2017.149 10.2942912854 
2017.162 10.283427592 
2017.175 10.272399222 
2017.188 10.2612057066 
2017.201 10.249846577 
2017.214 10.238321365 
2017.227 10.2266296025 
2017.24 10.2147708217 
2017.253 10.2027445553 
2017.266 10.190550336 
2017.279 10.178187697 
2017.292 10.1656561717 
2017.305 10.1529552938 
2017.318 10.1400845973 
2017.331 10.1270436165 
2017.344 10.1138318861 
2017.357 10.1004489408 
2017.37 10.0868943159 
2017.383 10.0731675468 
2017.396 10.0592681694 
2017.409 10.0451957195 
2017.422 10.0309497337 
2017.435 10.0165297485 
2017.448 10.0019353009 
2017.461 9.98716592811 
2017.474 9.97222116759 
2017.487 9.95710055718 
2017.5 9.94180363499 
2017.513 9.92632993941 
2017.526 9.91067900912 
2017.539 9.89485038311 
2017.552 9.87884360063 
2017.565 9.86265820126 
2017.578 9.84629372485 
2017.591 9.82974971154 
2017.604 9.81302570178 
2017.617 9.79612123631 
2017.63 9.77903585613 
2017.643 9.76176910258 
2017.656 9.74432051726 
2017.669 9.72668964207 
2017.682 9.70887601921 
2017.695 9.69087919117 
2017.708 9.67269870072 
2017.721 9.65433409094 
2017.734 9.63578490519 
2017.747 9.61705068712 
2017.76 9.5981309807 
2017.773 9.57902533015 
2017.786 9.55973328002 
2017.799 9.54025437512 
2017.812 9.52058816059 
2017.825 9.50073418182 
2017.838 9.48069198452 
2017.851 9.4604611147 
2017.864 9.44004111863 
2017.877 9.41943154291 
2017.89 9.39863193439 
2017.903 9.37764184026 
2017.916 9.35646080796 
2017.929 9.33508838525 
2017.942 9.31352412017 
2017.955 9.29176756106 
2017.968 9.26981825654 
2017.981 9.24767575554 
2017.994 9.22533960726 
2018.007 9.20280936122 
2018.02 9.18008456721 
2018.033 9.15716477533 
2018.046 9.13404953594 
2018.059 9.11073839974 
2018.072 9.08723091769 
2018.085 9.06352664104 
2018.098 9.03962512135 
2018.111 9.01552591046 
2018.124 8.99122856052 
2018.137 8.96673262395 
2018.15 8.94203765347 
2018.163 8.9171432021 
2018.176 8.89204882314 
2018.189 8.8667540702 
2018.202 8.84125849716 
2018.215 8.81556165822 
2018.228 8.78966310784 
2018.241 8.7635624008 
2018.254 8.73725909215 
2018.267 8.71075273726 
2018.28 8.68404289177 
2018.293 8.65712911161 
2018.306 8.63001095302 
2018.319 8.60268797252 
2018.332 8.57515972693 
2018.345 8.54742577336 
2018.358 8.5194856692 
2018.371 8.49133897216 
2018.384 8.46298524021 
2018.397 8.43442403164 
2018.41 8.40565490502 
2018.423 8.3766774192 
2018.436 8.34749113335 
2018.449 8.31809560691 
2018.462 8.28849039962 
2018.475 8.25867507152 
2018.488 8.22864918293 
2018.501 8.19841229447 
2018.514 8.16796396705 
2018.527 8.13730376188 
2018.54 8.10643124043 
2018.553 8.07534596452 
2018.566 8.0440474962 
2018.579 8.01253539787 
2018.592 7.98080923217 
2018.605 7.94886856208 
2018.618 7.91671295083 
2018.631 7.88434196197 
2018.644 7.85175515934 
2018.657 7.81895210705 
2018.67 7.78593236954 
2018.683 7.75269551151 
2018.696 7.71924109797 
2018.709 7.68556869421 
2018.722 7.65167786582 
2018.735 7.61756817869 
2018.748 7.58323919899 
2018.761 7.54869049318 
2018.774 7.51392162802 
2018.787 7.47893217056 
2018.8 7.44372168816 
2018.813 7.40828974844 
2018.826 7.37263591933 
2018.839 7.33675976905 
2018.852 7.30066086612 
2018.865 7.26433877934 
2018.878 7.22779307781 
2018.891 7.19102333093 
2018.904 7.15402910837 
2018.917 7.1168099801 
2018.93 7.07936551641 
2018.943 7.04169528784 
2018.956 7.00379886526 
2018.969 6.9656758198 
2018.982 6.9273257229 
2018.995 6.8887481463 
2019.008 6.84994266202 
2019.021 6.81090884236 
2019.034 6.77164625995 
2019.047 6.73215448767 
2019.06 6.69243309872 
2019.073 6.65248166659 
2019.086 6.61229976506 
2019.099 6.57188696818 
2019.112 6.53124285033 
2019.125 6.49036698616 
2019.138 6.44925895061 
2019.151 6.40791831892 
2019.164 6.36634466664 
2019.177 6.32453756957 
2019.19 6.28249660384 
2019.203 6.24022134585 
2019.216 6.19771137232 
2019.229 6.15496626022 
2019.242 6.11198558685 
2019.255 6.06876892979 
2019.268 6.0253158669 
2019.281 5.98162597635 
2019.294 5.9376988366 
2019.307 5.8935340264 
2019.32 5.84913112478 
2019.333 5.80448971108 
2019.346 5.75960936493 
2019.359 5.71448966624 
2019.372 5.66913019522 
2019.385 5.62353053238 
2019.398 5.57769025851 
2019.411 5.51690756473 
2019.424 5.51699369525 
2019.437 5.51721925548 
2019.45 5.51758361478 
2019.463 5.51808614282 
2019.476 5.51872620955 
2019.489 5.51950318521 
2019.502 5.52041644035 
2019.515 5.52146534578 
2019.528 5.52264927265 
2019.541 5.52396759235 
2019.554 5.52541967661 
2019.567 5.52700489741 
2019.58 5.52872262705 
2019.593 5.53057223813 
2019.606 5.5325531035 
2019.619 5.53466459635 
2019.632 5.53690609014 
2019.645 5.53927695861 
2019.658 5.54177657583 
2019.671 5.54440431612 
2019.684 5.54715955412 
2019.697 5.55004166476 
2019.71 5.55305002325 
2019.723 5.5561840051 
2019.736 5.55944298611 
2019.749 5.56282634237 
2019.762 5.56633345028 
2019.775 5.56996368652 
2019.788 5.57371642804 
2019.801 5.57759105213 
2019.814 5.58158693632 
2019.827 5.58570345848 
2019.84 5.58993999675 
2019.853 5.59429592955 
2019.866 5.59877063561 
2019.879 5.60336349396 
2019.892 5.6080738839 
2019.905 5.61290118504 
2019.918 5.61784477727 
2019.931 5.62290404077 
2019.944 5.62807835604 
2019.957 5.63336710385 
2019.97 5.63876966525 
2019.983 5.64428542161 
2019.996 5.64991375458 
2020.009 5.6556540461 
2020.022 5.6615056784 
2020.035 5.66746803402 
2020.048 5.67354049577 
2020.061 5.67972244677 
2020.074 5.68601327042 
2020.087 5.69241235041 
2020.1 5.69891907075 
2020.113 5.7055328157 
2020.126 5.71225296985 
2020.139 5.71907891807 
2020.152 5.7260100455 
2020.165 5.73304573761 
2020.178 5.74018538014 
2020.191 5.74742835912 
2020.204 5.75477406088 
2020.217 5.76222187205 
2020.23 5.76977117954 
2020.243 5.77742137056 
2020.256 5.7851718326 
2020.269 5.79302195346 
2020.282 5.80097112122 
2020.295 5.80901872426 
2020.308 5.81716415124 
2020.321 5.82540679113 
2020.334 5.83374603318 
2020.347 5.84218126694 
2020.36 5.85071188224 
2020.373 5.85933726921 
2020.386 5.86805681829 
2020.399 5.87686992018 
2020.412 5.88577596589 
2020.425 5.89477434672 
2020.438 5.90386445428 
2020.451 5.91304568043 
2020.464 5.92231741736 
2020.477 5.93167905754 
2020.49 5.94112999374 
2020.503 5.950669619 
2020.516 5.96029732668 
2020.529 5.97001251041 
2020.542 5.97981456413 
2020.555 5.98970288206 
2020.568 5.99967685872 
2020.581 6.00973588893 
2020.594 6.01987936777 
2020.607 6.03010669065 
2020.62 6.04041725325 
2020.633 6.05081045156 
2020.646 6.06128568184 
2020.659 6.07184234066 
2020.672 6.08247982487 
2020.685 6.09319753163 
2020.698 6.10399485838 
2020.711 6.11487120284 
2020.724 6.12582596306 
2020.737 6.13685853734 
2020.75 6.14796832429 
2020.763 6.15915472283 
2020.776 6.17041713215 
2020.789 6.18175495173 
2020.802 6.19316758135 
2020.815 6.2046544211 
2020.828 6.21621487133 
2020.841 6.22784833271 
2020.854 6.23955420619 
2020.867 6.251331893 
2020.88 6.26318079468 
2020.893 6.27510031307 
2020.906 6.28708985028 
2020.919 6.29914880873 
2020.932 6.31127659111 
2020.945 6.32347260044 
2020.958 6.33573623999 
2020.971 6.34806691336 
2020.984 6.36046402441 
2020.997 6.37292697732 
2021.01 6.38545517654 
